
===================================================

INFO> Benchmark Version iobmversion 4.0
INFO> _XOPEN_VERSION =
INFO> system name:
INFO> node name:
INFO> release:
INFO> version:
INFO> machine:
INFO> cc
INFO> launched at epoch 1225921503 then slept 0 sec

INIT> ./bmm started at:
INIT> host machine is
INIT> program built on
INIT> seed is 1   niters is 55179

   0:     13144    33370    55359    86038   110180   141971   177216   221017
   8:    252807   284026   324448   363615   410975   454966   514828   571349
  16:    619159   650897   701062   731329   792574   834722   900415   934671
  24:   1012570  1057915  1134154  1169895  1269714  1322603  1420179  1464178
  32:   1560980  1592885  1673858  1671859  1775294  1805272  1890518  1877514
  40:   2001844  2041817  2141328  2141316  2277655  2315444  2421935  2407309
  48:   2558715  2603845  2730158  2720301  2885061  2920931  3045318  3011606
  56:   3204192  3258990  3417705  3402422  3607510  3650821  3812784  3765939
  64:   3982880  4014123  4169155  4094588  4308267  4306418  4438059  4297534
  72:   4542595  4566683  4738870  4641071  4875536  4867250  5002805  4829253
  80:   5101954  5142151  5347769  5251021  5517740  5514146  5692357  5506728
  88:   5818567  5856694  6078212  5950963  6246469  6231145  6415249  6186464
  96:   6537823  6585718  6832895  6697248  7036454  7023720  7237175  6987741
 104:   7373184  7413330  7683372  7499481  7875252  7834630  8048897  7742518
 112:   8183477  8241628  8552111  8382826  8806441  8795367  9052810  8744470
 120:   9222082  9272622  9612799  9387436  9850205  9806652 10067233  9691924
 128:  10209207 10241791 10598708 10324977 10807117 10730133 10993868 10526066
 136:  11076353 11063802 11422695 11068757 11552866 11412013 11634944 11052842
 144:  11650225 11674217 12067172 11748372 12295924 12197049 12480781 11932078
 152:  12546444 12531211 12910136 12504017 13036820 12867606 13093921 12408921
 160:  13087990 13124627 13589307 13229232 13850903 13751495 14077420 13496380
 168:  14195591 14189703 14639956 14189160 14812148 14628649 14909876 14169728
 176:  14923101 14967712 15478150 15055211 15764139 15633835 15999318 15306159
 184:  16076729 16063327 16568374 16020701 16705554 16484585 16793514 15909549
 192:  16767553 16808916 17388828 16926924 17718767 17579580 17996388 17217283
 200:  18109957 18092719 18661068 18055526 18840177 18598048 18947842 17975399
 208:  18937644 18967848 19611346 19063823 19935039 19758106 20210410 19308083
 216:  20280687 20243677 20851236 20152774 21006003 20708805 21053637 19914368
 224:  20978879 21041406 21761802 21182269 22175003 22002066 22519048 21547155
 232:  22655464 22641614 23343533 22603726 23575707 23269042 23707988 22488008
 240:  23687126 23732780 24538707 23844333 24943171 24722073 25280907 24141040
 248:  25363214 25323662 26083482 25209067 26269010 25892075 26332286 24910608
 256:  26192233 26163083 26980437 26116728 27240963 26889960 27373628 25966458
 264:  27215665 27057846 27750485 26648998 27666891 27087660 27370184 25612696
 272:  26884097 26787844 27565117 26595865 27682271 27223223 27628648 26041983
 280:  27236376 26983619 27597277 26336030 27244529 26517752 26638703 24659132
 288:  25910889 25861453 26630141 25731322 26804836 26409050 26849835 25385931
 296:  26573323 26368717 27001792 25843273 26787453 26137429 26330823 24504377
 304:  25689551 25569356 26256016 25235417 26225983 25709204 26022674 24395768
 312:  25466856 25149053 25625325 24336497 25095448 24289330 24259702 22231696
 320:  23372164 23325427 24029301 23223683 24210423 23853853 24259407 22962494
 328:  24043855 23865538 24451838 23416777 24282508 23722598 23918902 22282235
 336:  23362955 23262884 23895689 22995857 23903862 23452153 23744665 22306708
 344:  23289940 23024463 23475755 22326316 23024768 22324119 22341308 20521305
 352:  21538050 21459118 22072766 21262189 22127512 21732867 22037323 20748584
 360:  21685968 21447345 21924115 20891622 21583135 20981899 21031177 19413146
 368:  20325267 20164948 20648331 19758494 20474976 19980434 20121729 18701455
 376:  19467918 19119854 19392202 18253300 18713802 17963311 17770968 16006251
 384:  16827825 16787613 17280983 16693644 17394058 17141569 17410103 16465249
 392:  17228749 17092954 17496016 16749269 17352081 16935552 17044934 15850490
 400:  16620040 16534537 16972822 16311839 16951316 16618313 16804658 15743829
 408:  16439793 16218416 16534692 15679654 16169778 15642350 15616447 14298260
 416:  14994465 14929430 15334945 14773456 15348921 15064019 15244893 14309992
 424:  14950942 14781958 15072624 14335276 14797475 14349991 14357203 13193565
 432:  13795692 13670260 13964149 13336040 13798791 13431710 13485803 12484214
 440:  12964403 12703325 12843435 12021824 12293821 11738430 11553339 10297540
 448:  10789205 10734594 11014052 10585681 10984408 10767435 10879118 10190869
 456:  10631296 10489775 10680114 10120815 10433690 10089273 10060949  9191561
 464:   9603632  9482352  9682043  9202247  9506216  9216598  9226238  8475535
 472:   8784627  8574505  8632412  8023367  8173389  7733621  7543374  6617826
 480:   6897112  6799185  6921637  6556506  6740480  6509078  6480256  5907248
 488:   6101005  5914678  5924726  5451301  5508387  5159724  4970614  4254440
 496:   4369697  4208493  4186753  3795032  3804898  3505684  3318622  2731976
 504:   2707908  2440749  2255282  1758362  1570729  1131622   725839        0

END> ended at:
END> elapsed time is  seconds
END>                 wall time             % of value reported by time()
END>         secs of cpu+sys time   utilization =       %
END>          M bit matrix multiplies per second
