./bin/bmm 1 55179 
./bin/tilt 101 119554831
./bin/ftilt 201 119554831
./bin/bs2 301 2575027
./bin/cba 401 7173289 64 64
./bin/cba 501 202323 145 2368
./bin/cba 601 3400 231 128000
./bin/gmp 701 25 8192
./bin/gmp 801 174 4096
./bin/gmp 901 1179 2048
./bin/gmp 1001 7340 1024
./bin/gmp 1101 47533 512
./bin/gmp 1201 239000 256
./bin/gmp 1301 992850 128
./bin/xor 1401 81 33554432 
./bin/gt 1501 112197 8 
./bin/gt 1601 552 16 
./bin/gt 1701 29 25 
./bin/sc 1801 75412 8 
./bin/sc 1901 147 16 
./bin/sc 2001 11 25 
./bin/a_sort 2101 11587 16 
./bin/a_sort 2201 9 25 
./bin/xba 2301 64375678610